963
572 382
803 572
351 382
528 803
254 572
860 803
494 351
456 528
599 494
788 456
146 382
613 456
279 613
786 456
847 528
169 528
747 169
358 382
655 254
75 456
562 655
378 528
616 382
881 788
734 279
172 279
911 75
26 734
879 599
857 847
941 456
54 881
200 788
16 572
337 16
209 169
930 803
450 279
726 16
846 200
228 734
214 450
248 494
628 382
110 172
949 613
217 214
563 847
922 217
508 279
441 228
3 747
92 209
716 613
624 734
889 75
938 172
129 846
457 209
448 382
158 494
336 860
271 217
671 616
385 949
276 271
580 616
423 336
37 456
696 563
820 146
113 129
234 146
274 234
143 3
944 820
108 228
809 75
259 279
852 3
309 938
714 228
475 624
808 351
410 696
859 217
201 382
872 54
522 716
203 508
453 889
9 143
157 16
683 734
559 949
746 201
701 846
42 949
900 860
495 563
792 129
139 92
134 92
540 803
626 113
640 382
252 881
438 378
416 734
576 42
223 457
395 129
888 616
639 3
766 580
79 143
264 852
192 683
174 911
156 599
721 655
18 456
374 92
805 441
353 279
552 803
619 382
745 562
389 252
162 139
710 888
937 881
939 616
595 639
839 852
648 475
925 792
59 223
929 805
560 201
111 79
551 792
781 846
749 930
103 254
112 563
577 108
642 457
388 949
519 859
190 441
530 59
51 922
451 671
196 941
667 562
17 792
621 75
629 337
38 271
493 271
641 337
461 563
258 158
44 157
594 580
863 528
635 395
904 701
798 642
823 857
523 79
901 577
379 450
381 530
291 721
84 552
67 395
346 395
945 291
476 930
297 378
80 939
678 358
40 389
598 291
179 38
795 450
768 395
408 616
347 551
561 423
843 846
19 381
391 157
804 945
140 495
61 599
887 640
432 75
296 945
71 930
797 291
733 887
666 448
546 276
705 214
21 44
799 346
873 640
431 528
529 336
290 381
869 710
674 852
864 746
840 667
586 559
13 847
43 196
775 92
342 701
759 271
924 872
282 714
687 291
851 621
472 228
232 671
500 113
98 26
266 19
623 889
630 438
426 523
555 67
948 937
932 945
581 110
403 555
604 860
394 472
516 17
686 475
163 851
897 576
447 846
96 863
109 671
676 423
199 624
171 939
83 781
459 342
579 342
502 71
936 705
526 594
549 441
100 200
175 502
229 80
8 938
285 274
663 336
446 3
750 872
724 461
380 438
958 716
605 904
517 163
245 403
498 264
763 666
723 872
57 932
915 900
366 217
525 561
28 671
434 623
533 580
233 163
238 958
643 358
553 238
94 448
870 19
524 44
722 552
670 629
955 336
503 937
603 888
935 624
307 840
610 337
908 937
417 190
301 199
320 353
548 448
539 112
541 696
235 788
927 42
933 493
278 626
193 21
302 516
774 19
152 381
247 555
885 687
77 441
618 519
512 562
306 745
591 666
411 595
405 254
127 346
315 643
425 163
25 533
550 276
173 336
832 759
4 140
785 307
289 395
910 929
951 342
651 174
844 297
299 927
1 297
923 808
414 559
780 162
419 786
470 143
325 686
601 832
95 139
253 80
194 247
144 500
398 840
250 651
633 832
748 217
585 457
637 705
400 152
153 84
363 194
538 459
811 911
188 290
303 539
602 4
831 908
292 721
268 296
23 95
571 781
793 3
829 291
322 278
947 648
12 379
765 516
46 670
195 274
65 581
650 446
211 670
568 127
802 446
751 746
402 3
474 750
728 844
236 423
700 560
319 258
117 568
720 217
834 637
783 43
72 303
742 720
81 200
263 366
469 72
487 759
48 289
866 721
50 938
27 666
644 57
507 551
260 398
93 214
177 930
34 282
569 604
413 34
243 248
867 398
706 211
284 728
45 195
918 552
311 768
645 152
137 140
600 447
390 250
946 419
294 563
189 351
99 872
854 541
343 834
401 189
376 192
787 705
159 586
225 253
688 915
354 843
735 394
597 600
556 65
668 746
104 290
396 456
719 441
821 763
267 714
167 579
293 550
582 797
545 434
49 701
314 629
32 958
237 927
246 517
492 597
422 863
36 291
862 291
460 237
557 888
812 157
744 600
608 701
2 459
488 319
691 498
531 342
575 67
596 924
115 641
355 291
386 936
592 648
849 36
478 556
652 628
699 475
564 351
715 416
105 804
515 234
656 190
961 651
827 932
482 834
962 651
737 962
912 860
35 374
160 343
224 156
375 400
662 217
313 363
661 912
773 115
64 546
102 616
33 246
890 804
154 585
697 254
473 579
56 432
907 623
369 413
534 640
830 823
78 27
693 688
878 167
574 808
182 43
91 472
197 897
151 592
756 139
449 193
501 493
334 938
611 334
465 254
269 61
899 860
298 59
617 476
124 56
133 949
86 508
682 311
68 608
558 644
324 598
316 423
370 517
377 922
323 494
607 774
52 621
393 154
815 571
514 860
649 366
202 574
101 376
241 564
147 263
755 400
329 572
481 182
921 733
219 325
480 502
383 456
543 481
658 650
6 110
58 211
257 656
796 45
168 595
891 557
445 763
615 947
412 75
181 539
484 390
491 241
421 173
518 50
22 234
339 799
119 586
816 939
304 394
397 263
856 209
807 248
874 891
593 377
352 629
708 476
164 763
956 99
332 708
625 693
950 829
713 804
740 98
931 674
184 179
853 175
527 699
288 840
430 862
406 696
265 548
76 263
943 933
458 306
218 171
208 279
136 329
130 568
963 749
321 431
118 832
794 773
187 890
360 594
455 522
660 336
902 449
777 288
883 465
638 129
69 539
466 728
537 625
341 933
150 408
477 57
275 602
272 932
273 555
295 245
806 52
344 802
221 58
882 295
725 524
903 918
359 574
404 630
689 502
509 17
87 49
74 649
420 638
664 173
731 948
824 457
858 746
954 376
53 857
183 34
838 519
226 708
428 95
429 788
567 859
70 347
884 269
718 611
690 721
877 136
116 21
424 35
262 949
876 202
760 939
123 560
125 246
692 876
634 26
242 945
909 124
653 290
817 94
730 211
741 389
283 125
122 52
361 42
672 246
204 151
357 799
468 420
627 667
362 352
280 189
433 162
757 516
126 929
772 43
868 411
934 775
566 852
15 320
435 283
170 911
758 550
191 623
583 509
685 482
490 202
711 59
532 859
399 758
328 756
277 111
590 529
631 594
165 783
841 747
464 869
39 658
913 476
312 21
149 730
738 226
318 872
893 551
114 879
810 408
790 411
5 900
789 171
729 77
542 947
82 234
762 902
373 453
752 72
249 590
743 54
454 526
659 492
107 150
213 552
588 201
310 32
73 705
24 323
331 454
471 246
392 411
609 509
511 51
905 173
55 69
141 803
646 522
835 796
11 613
702 883
647 576
953 247
216 291
916 204
673 216
444 824
707 471
622 363
349 310
7 38
892 929
467 846
506 209
510 347
97 706
345 127
333 552
270 956
957 658
818 398
587 223
180 625
489 647
317 558
206 133
145 580
665 517
14 529
776 807
712 196
680 17
894 686
778 841
415 749
340 204
496 394
178 343
919 146
850 113
462 309
679 243
427 630
372 608
227 297
694 448
822 293
138 435
135 112
632 318
898 195
442 858
681 911
364 539
578 159
942 674
356 615
842 114
89 200
828 15
589 264
256 329
855 910
335 877
813 393
384 411
928 908
142 135
606 94
704 745
176 422
536 311
132 82
769 850
440 692
499 9
452 923
732 320
754 794
215 171
675 435
338 73
185 604
439 664
771 745
436 1
535 726
207 40
513 600
520 790
41 208
761 268
90 474
717 250
782 846
155 605
698 642
886 461
504 694
636 183
287 69
654 888
367 141
121 606
736 444
826 759
166 215
31 171
917 303
837 196
906 648
871 411
29 241
497 605
612 722
505 395
212 312
486 204
230 736
161 561
148 23
848 712
463 513
584 382
308 83
669 811
300 398
825 180
106 616
861 617
620 380
418 363
926 403
814 663
128 561
547 445
210 645
231 81
896 192
784 410
286 242
409 628
483 827
800 294
60 187
407 161
198 150
779 615
709 323
614 12
880 436
833 675
865 692
573 846
205 38
791 446
959 545
240 455
554 524
63 910
251 370
767 951
703 508
657 831
131 95
952 289
330 626
261 242
62 559
960 848
365 362
350 178
88 561
326 35
222 202
10 330
914 279
845 787
30 815
920 329
244 41
220 429
565 838
120 105
684 332
544 410
739 953
753 268
770 450
239 520
875 755
819 768
281 324
895 381
66 551
348 490
305 774
47 336
371 418
186 316
327 313
521 851
387 73
836 638
801 168
368 367
443 777
570 690
437 399
677 441
20 61
485 347
695 43
85 712
479 944
727 261
764 362
255 206
940 432
